1310179
3208
70552
1310347
70917
727826
1587151
727928
620234
1563648
1305619
621176
621177
70925
1303158
61949
1306698
620500
1306813
2018
2007
2218
3828
71057
71039
708383
708367
628876
1309578
3388
3387
620665
620905
1586037
620893
3017
3009
62086
621248
620585
1310339
1595507
620376
1306337
1565496
1562128
620585
1587151
1307263
1308605
1305630
620583
1310560
7527008
620585
1587151
1307263
1308605
1305630
620583
1310560
620585
1587151
1307263
1308605
1305630
620583
1310560
7527008
620585
3354
11514364
69410
1584886
7527008
3143
628856
1310988
621115
1311389
1311092
1310655
1595370
1563648
621176
621177
70903
1303258
1585897
3560
2135
2132
2069
620583
1309764
61906
61909
UniProtKB:A0A0G2K6J8
2810
620400
628847
67366
2185
2184
2118
620349
69244
1562128
1305489
1306246
69251
3433
70927
621163
1308251
2313
2532
2533
1593370
3826
1359350
1561913
1311444
3439
3438
620349
UniProtKB:A0A0G2JYL7
62076
1305373
69061
2709
1309378
70997
1311092
620585
1587151
1307263
1308605
621176
1305630
621678
68339
620583
71002
1310560
7527008
620585
1310339
1587151
1307263
1595507
1308605
620376
1305630
68339
620583
1306337
1310560
1304608
1565496
